32
00000000000000000000000000000000
10100000000000000000000000000000
00000000000000000000000000000000
00000000100000000000000000000000
00000000000000010000000000000000
00000000000000000000000100000000
00003000000000000000000000000000
00000000000000000000000000001000
00003000000000000000000000000001
00000000000000000000000000000001
00000000000000000000000000000001
00000000000000000000000000000001
00000300000000000000000000000000
00000000000000000000000000000000
00000000000000000000000000000000
00000000000000004000000000000000
00000000000000000000000000000000
00000000000000000000000000000000
00000000000000000000000000000000
00000000000000000000000000000000
00000030000000000000000000000000
00000000000000000000000000000000
00000000000000000000000000000000
00000000000000000000000000000000
00000030000000000000000000000000
00000030000000000000000000000000
00000000000000000000000000000000
00000000000000000000000000000000
00000000000000000000000000000000
00000000000000000000000000000000
00000000000000000000000000000000
00000000000000000000000000000000
